
>> %				INPUT1 (10x10)

>> Ia = randi([0 1],10, 10)

Ia =

     1     0     0     0     0     1     1     0     0     1
     0     1     1     0     0     1     0     0     0     1
     0     1     1     0     1     0     1     1     1     1
     1     1     1     0     0     0     0     0     1     1
     1     1     1     0     1     1     1     1     0     1
     0     0     1     1     1     0     1     0     1     0
     1     0     1     1     1     0     0     1     0     0
     0     0     1     1     0     1     0     0     1     0
     1     1     0     1     0     0     0     1     1     1
     1     1     0     1     1     0     0     1     0     1

	 
	 
	 
	 
	 
	 
	 
>> %				TIME for input1 (t1 - using Conncomp, t2 - using bwconncomp)


>> [I1, labels, num, I2, CC, t1, t2] = timecheck(Ia, 4, [1]);
>> t1, t2

t1 =

    0.0067


t2 =

    0.0013

	


	
	
	

>> %				INPUT2 (13x13)	

>> Ib = randi([0 1],13, 13)

Ib =

     0     0     1     0     0     0     0     1     1     0     0     1     1
     0     1     0     1     0     0     1     1     1     1     0     1     0
     0     1     1     1     0     0     0     1     0     0     0     0     1
     1     1     1     0     0     0     0     0     1     1     0     1     1
     1     1     0     0     0     0     0     1     0     0     1     0     0
     1     1     1     0     0     0     0     0     1     0     1     0     0
     1     0     1     0     0     0     0     0     0     0     1     0     1
     0     0     0     0     0     0     1     1     1     0     0     0     1
     1     1     1     1     1     1     0     1     1     1     0     1     1
     0     1     1     0     0     1     1     0     0     1     1     0     0
     1     1     1     0     1     1     1     0     0     1     1     1     0
     0     0     1     0     0     0     0     1     0     1     1     0     1
     1     1     0     0     0     0     1     1     0     0     1     0     1

	 
	 
	 
	 
	 
	 
	 
	 
	 
>> %				TIME for input2 (t1b - using Conncomp, t2b - using bwconncomp)	 
	 
>> [I1, labels, num, I2, CC, t1b, t2b] = timecheck(Ib, 4, [1]);
>> t1b, t2b

t1b =

    0.0030


t2b =

   9.4208e-04

   
   

   
   
   
   
   
>> %				INPUT3 (11x11)   
   
   
>> Ic = randi([0 1],11, 11)

Ic =

     0     1     0     1     0     0     1     0     1     1     1
     0     1     1     1     1     0     1     0     0     1     0
     0     0     0     1     0     0     0     1     1     1     1
     1     0     0     0     0     0     0     1     1     0     1
     0     1     0     1     1     1     1     1     0     0     0
     1     1     0     0     1     0     1     1     0     1     1
     1     1     1     0     1     0     1     0     0     0     0
     0     0     1     0     1     1     1     1     1     0     1
     0     1     0     0     1     0     1     1     1     0     1
     1     0     0     0     1     1     1     0     0     1     0
     1     0     1     0     1     1     0     1     1     0     0
   
   
   
   
   
   
   
   
   
   
   
   
   
   
>> %				TIME for input3 (t1c - using Conncomp, t2c - using bwconncomp)   
   
   
>> [I1, labels, num, I2, CC, t1c, t2c] = timecheck(Ic, 4, [1]);
>> t1c, t2c

t1c =




    0.0034


t2c =

   6.3701e-04

   
   
   
   
   
   
   
   
>> %				INPUT4 (5x5)
   
   
>> Id = randi([0 1],5, 5)

Id =

     1     0     1     0     0
     1     0     0     0     0
     1     1     0     0     0
     0     0     0     0     1
     1     1     1     0     0

	 
	 
	 
	 
	 
	 
	 
>> %				TIME for input4 (t1d - using Conncomp, t2d - using bwconncomp)	 
	 
>> [I1, labels, num, I2, CC, t1d, t2d] = timecheck(Id, 4, [1]);
>> t1d,t2d

t1d =

    0.0063


t2d =

   4.9365e-04



>> % Time taken: 1st row: Conncomp, 2nd row: bwconncomp

   
>> [[t1d t1 t1b t1c];[t2d t2 t2b t2c]]

ans =

    0.0063    0.0067    0.0030    0.0034
    0.0005    0.0013    0.0009    0.0006

>> 